Monster/Dungeon Name	XP per Second	HP XP per Second	Prayer XP per Second	Slayer XP per Second	Prayer Points per Second	Ammo per Second	Runes per Second	Combination Runes per Second	Potions per Second	Food perSecond	HP Loss per Second	Estimated Death Rate	Highest Hit Taken	Lowest Hitpoints	Average Kill Time (s)	Kills per Second	GP per Second	Chance for Signet Part B(%)	Pet Chance per Second	Potential Herblore XP per Second	XP per Attack	Damage per Second	Damage per Attack	Attacks Made per Second	Attacks Taken per Second
Plant	1.6175676731975068	0.5320598152333126	0	0	0	0	0	0	0	0	0	0	6	1044	5.29641	0.18880713539926103	0.6136231900475982	0	0.6280014301069503	0	8.215670886075955	3.77614270798522	19.179133103183737	0.19688808079434938	0.008420798238807042
Chicken	2.390363410954608	0.7887811942673196	0	0	0	0	0	0	0	0	0	0	7	1043	5.35592	0.1867092861730571	9.05540037939327	0	0.6369553264785388	0	11.969516828721021	5.6012785851917135	28.047868362004486	0.1997042524907019	0.013443068604460111
Cow	5.984193926388174	1.9830842000676947	0	0	0	0	0	0	0	0	0	0	9	1041	5.66648	0.1764764015755813	18.088831161497083	0	0.6740240828281618	0	28.059011336367448	14.118112126046505	66.1977658254034	0.21327173130409002	0.038030664539537774
Junior Farmer	5.955388451623449	1.9740153047004294	0	0	0	0	0	0	0	0	0	0	16	1034	5.69067	0.17572623258772693	1.8240382942606055	0	0.6697164647194387	0	27.806162126681993	14.058098607018154	65.63833278634722	0.21417513227792156	0.03987228217415524
Adult Farmer	12.632462728481466	4.193341584038008	0	0	0	0	0	0	0	0	0	0	25	1020	6.64113	0.150576784372539	15.42864487875352	0	0.7473553877015315	0	51.12048455304376	30.115356874507803	121.86947778928767	0.24711156083377378	0.10049494589023253
Master Farmer	15.549789380962562	5.163609233122537	0	0	0	0	0	0	0	0	0	0	39	978	7.50407	0.1332610170214297	128.07085109533193	0	0.78306152368528	0	57.603153477810004	37.313084766000316	138.22382386335588	0.2699468421803102	0.1419762875346312
Green Dragon	21.212891244629652	7.0474074112592255	0	0	0	0	0	0	0	0	0	0	83	898	13.9423	0.0717241775029945	46.620715376946414	0	0.8710665412370422	0	60.27113643496158	53.793133127245866	152.83976279268813	0.35195771142494425	0.2225744676272925
Blue Dragon	21.53500254946296	7.155154867817537	0	0	0	0	0	0	0	0	0	0	98	811	16.297549999999998	0.061358915910673696	60.59192946179028	0	0.8630111559307041	0	58.817144140369706	55.223024319606324	150.8270349080793	0.366134787130581	0.23962497430595397
Red Dragon	20.161160987781415	6.698660605215157	0	0	0	0	0	0	0	0	0	0	123	742	19.06859	0.052442262380175984	71.45258249298978	0	0.7946106794793462	0	53.24426801839216	52.44226238017598	138.49648218935238	0.3786541112898227	0.2542086226616651
Black Dragon	18.44913311067669	6.130118336215936	0	0	0	0	0	0	0	0	0.00008608917772946763	0	156	580	24.39331	0.04099484653784173	116.83531263284893	0	0.717073102841026	0	46.727798068736455	49.19381584541007	124.59765341086076	0.39482136700595366	0.2716810469755847
Leech	12.770025765503469	4.239440680562921	0	0	0	0	0	0	0	0	0	0	25	1025	6.56692	0.15227838926010978	18.342875734512685	0	0.7555755169045608	0	52.22627987793488	30.455677852021953	124.5562682942019	0.24451340963495824	0.09623994201238938
Sweaty Monster	15.865833779606959	5.268495197642317	0	0	0	0	0	0	0	0	0	0	27	1023	7.35722	0.1359209049070165	17.096687459270065	0	0.8041510188404821	0	59.64661706693915	38.057853373964626	143.0761369443025	0.26599721090303136	0.13589372072603512
Wet Monster	16.40624565678153	5.448286356801249	0	0	0	0	0	0	0	0	0	0	43	1007	7.60093	0.13156284823041392	15.673919327814312	0	0.8119605928957441	0	60.38288049583596	39.468854469124174	145.2643811737362	0.2717035941654508	0.10561865455937629
Moist Monster	14.349526303339674	4.764441214524989	0	0	0	0	0	0	0	0	0	0	25	1025	7.271319999999999	0.13752661139930578	16.68916685378621	0	0.7606113884271903	0	54.2617908367569	34.381652849826445	130.01196110042125	0.26444992105972503	0.13148919315887625
Wizard	14.755664532369707	4.896522556960964	0	0	0	0	0	0	0	0	0	0	108	774	8.389959999999999	0.11919007957129714	4.538115824746348	0	0.8711267141078838	0	51.26482885419709	35.75702387138913	124.2287465319475	0.2878321231567254	0.17587688141540606
Master Wizard	19.851826676019922	6.592180395744549	0	0	0	0	0	0	0	0.00014943153752599485	0.06367443849024337	0	153	422	12.04565	0.08301752084777492	39.21839926538718	0	1.0176768944758496	0	58.98573162308815	49.81051250866495	148.0019733596448	0.33655302951687954	0.26052558392448727
Dark Wizard	21.1677732420132	7.030856998479384	0	0	0	0	0	0	0	0.012534014002748544	5.271964742245213	0	189	421	19.69042	0.05078611832556137	82.94090024234465	0	1.0083619013429135	0	55.55808981485205	55.8647301581175	146.62561149544794	0.3810025382901939	0.33165366711324595
Steel Knight	10.225518558810586	3.3940030298912576	0	0	0	0	0	0	0	0	0	0	19	1031	6.1771199999999995	0.1618877405651825	3.6521391024518413	0	0.7173705877782544	0	44.01997017213746	24.283161084777372	104.53690152623876	0.23229271893698034	0.07314088118734945
Black Knight	12.542689087194141	4.163386201563716	0	0	0	0	0	0	0	0	0	0	25	1008	6.68554	0.14957654879037446	4.717013781044686	0	0.7456396689624389	0	50.46317000661968	29.915309758074887	120.3586688331227	0.2485513511249652	0.10229540171773709
Mithril Knight	14.445566056650598	4.796376624885044	0	0	0	0	0	0	0	0	0	0	31	1017	7.23205	0.1382733803001915	8.04384752078409	0	0.7658232894028671	0	54.831814412428464	34.56834507504788	131.2129323466121	0.2634522714859549	0.1293270925947691
Adamant Knight	19.092629661133405	6.34229339525012	0	0	0	0	0	0	0	0	0	0	69	883	12.59109	0.07942124152873183	17.274120032499173	0	0.8168802769434436	0	55.819309076555186	47.6527449172391	139.31780713771565	0.34204346089178933	0.25696742696621183
Rune Knight	15.05754094574978	5.002730435226513	0	0	0	0	0	0	0	0	0	0	123	630	20.569290000000002	0.048616165166614884	9.879412463920728	0	0.6116226376448153	0	39.182618525921804	38.89293213329191	101.2068921893581	0.38429133917602404	0.3042010686805427
Bandit Trainee	12.952604124750858	4.300744090308887	0	0	0	0	0	0	0	0	0	0	21	1010	6.48621	0.15417323830094926	6.748044045633856	0	0.7326758198363037	0	53.47419667748728	30.83464766018985	127.2993444083763	0.24222157469462136	0.2430541101814465
Bandit	20.0866219322077	6.671971668446299	0	0	0	0	0	0	0	0	0	0	40	959	8.22334	0.12160508990264296	25.59234392041986	0	0.8608514778645437	0	70.60445462705744	48.64203596105718	170.97670442402222	0.2844951078272332	0.28641646824769496
Hill Giant	17.748469337037935	5.893291448045669	0	0	0	0	0	0	0	0	0	0	31	1005	8.148430000000001	0.12272302762618073	8.17496605924471	0	0.8491100765350312	0	62.68569199427854	42.95305966916326	151.70560443847253	0.2831342970363616	0.14923120159343578
Moss Giant	20.973475863989144	6.967293618835442	0	0	0	0	0	0	0	0	0	0	72	909	11.4932	0.08700796993004559	9.958311771522206	0	0.8988945550957639	0	63.25505216752388	52.204781958027354	157.4472551695182	0.3315699718094178	0.20065778025267114
Seagull	4.606322937571189	1.5257119610928085	0	0	0	0	0	0	0	0	0	0	13	1037	5.5311	0.1807958633906456	10.576558008352768	0	0.6559886937526849	0	22.199209549533855	10.847751803438737	52.27846998344515	0.207499412413444	0.027734085444125037
Tentacle	15.103812721609657	5.014855017801104	0	0	0	0	0	0	0	0	0	0	20	1015	6.91249	0.14466567040241649	4.195304441670078	0	0.7958039480572943	0	59.317626498494135	36.16641760060412	142.03738423953183	0.25462604647529324	0.11495134170176015
Giant Crab	22.350325308622644	7.424910783347522	0	0	0	0	0	0	0	0	0	0	25	1007	10.81742	0.09244348467564355	15.219309536501	0	0.951880483625489	0	68.89489527826083	55.46609080538613	170.9742683726099	0.3244119207722359	0.2382545930545361
Confused Pirate	18.99613329915644	6.307933752000415	0	0	0	0	0	0	0	0	0.00024247126715484213	0	27	1005	8.66082	0.11546250816897247	5.508858971212447	0	0.8856042152004084	0	64.86185342006706	46.18500326758898	157.6976148235758	0.29287065197059864	0.12884461286575635
Frozen Archer	17.634082288603373	5.856468835083444	0	0	0	0	0	0	0	0	0	0	36	989	7.09673	0.14090996839389408	10.793703578972286	0	0.818878226715325	0	67.95043753054256	42.27299051816823	162.89297931259162	0.25951388879103476	0.26068344152870404
Frozen Mammoth	21.106909966409987	7.01182864849166	0	0	0	0	0	0	0	0	0	0	83	910	13.19141	0.07580690767704135	19.10409880369119	0	0.8752053810461513	0	60.88694334011249	53.06483537392894	153.07572874980866	0.3466574081163424	0.21610275171494175
Ice Monster	19.503361352307152	6.478178070273348	0	0	0	0	0	0	0	0	0	0	54	951	10.38344	0.09630719684420577	18.20206020355489	0	0.871582199988985	0	61.30596143250694	48.15359842210289	151.3637877274241	0.31813156333546494	0.18942662547286834
Golbin	3.8739595046310917	1.2829393645405447	0	0	0	0	0	0	0	0	0	0	13	1037	5.48359	0.18236228456175607	1.5602106568061351	0	0.6496540267531992	0	18.85101215724555	9.118114228087803	44.369509273227436	0.20550405847264291	0.023488262251554183
Ranged Golbin	7.357592403214036	2.440421714146873	0	0	0	0	0	0	0	0	0	0	13	1037	5.7498000000000005	0.17391909283801174	1.4875633046995898	0	0.6769474675725529	0	33.982396015744285	17.391909283801173	80.32773716764399	0.21651187867404081	0.042992799749556505
Skeleton	7.382469296132601	2.4488265275133254	0	0	0	0	0	0	0	0	0	0	16	1034	5.7289200000000005	0.1745529698442289	1.134594303987488	0	0.6805157515428872	0	34.254131367943614	17.455296984422894	80.99133392726978	0.21552055186666946	0.04274802231485166
Zombie Hand	12.634050733331629	4.1939457998458956	0	0	0	0	0	0	0	0	0	0	25	1025	6.64297	0.15053507693095106	9.634244923580868	0	0.7470535435307735	0	51.11615810950728	30.107015386190213	121.81009805712894	0.24716354281292857	0.09452097480494417
Zombie	16.37297711389141	5.436525666761115	0	0	0	0	0	0	0	0	0	0	31	1003	7.60505	0.13149157467735254	9.585735793979001	0	0.8140263861001973	0	60.23476664086681	39.447472403205765	145.12383900928793	0.2718193831730232	0.13349024661244832
Ghost	18.622901244147684	6.185122940552113	0	0	0	0	0	0	0	0	0	0	36	996	8.827729999999999	0.11327940478469552	12.460734526316507	0	0.8634709857613498	0	63.02152265583066	45.3117619138782	153.33895576171128	0.29550065532135666	0.19044533532403007
Wandering Bard	16.853703852148737	5.595978997995905	0	2.3317074400373077	0	0	0	0	0	0	0	0	107	767	11.90115	0.08402549333467775	37.70139860433656	0	0.8882566239511558	0	50.193553114286416	42.01274666733887	125.1219939440955	0.3357742739147057	0.20511463177928183
Mummy	15.463667528698496	5.134743835830753	0	1.9828564675748692	0	0	0	0	0	0	0	0	29	1021	7.27738	0.13741209061502904	43.22258420081413	0	0.7936597894758535	0	58.49923834277687	37.10126446605784	140.35452513385664	0.26433963871613136	0.13161330039107483
Statue	17.835866590956307	5.9227893771893285	0	2.334401222581301	0	0	0	0	0	0	0	0	34	993	8.55894	0.11683689802709214	14.04963698775783	0	0.8429185776896109	0	61.280603749347506	43.2296522700241	148.52876239412308	0.2910523966752892	0.18087520183574132
Stone Snake	18.68262421891235	6.203560194403919	0	2.6124511146065834	0	0	0	0	0	0	0.00038441472857574343	0	108	696	12.746649999999999	0.07845198542362111	15.770554548091836	0	0.9574552415709259	0	54.52567189467638	47.07119125417267	137.37836290784202	0.3426390463376652	0.21182820584231934
Undead Werewolf	19.883241555163117	6.604933915849362	0	2.711712582896056	0	0	0	0	0	0	0	0	45	980	9.82405	0.10179101287147357	20.30730706785898	0	0.891708374700706	0	63.98308467358912	48.85968617830732	157.22755412886107	0.3107577831953217	0.2154203205398995
Vampire	21.585799665746695	7.170886525741814	0	2.9334379152400296	0	0	0	0	0	0	0	0	51	959	9.45989	0.10570947442306412	7.1205241287160845	0	0.8977895487208731	0	70.64497159660975	52.854737211532054	172.9804532087874	0.3055532358198668	0.205752921017052
Fierce Devil	23.64047394990612	7.854246054735527	0	3.3214444451742717	0	0	0	0	0	0	0	0	75	848	13.701870000000001	0.072982738852434	6.4852928367178615	0	0.9584935164216435	0	67.49853108003921	59.84584585899589	170.87249161266124	0.3502368654789456	0.2704740301871204
Lots of Eyes	14.527056952390218	4.822984629458409	0	1.8518389789860765	0	0	0	0	0	0	0	0	40	991	7.19285	0.13902695037433008	20.923556031336673	0	0.7692303927304467	0	55.32133714527742	34.75673759358252	132.35916984328674	0.2625941038670346	0.1274599081031858
Many Eyed Monster	18.958160557907444	6.29705715063099	0	2.4709588136429574	0	0	0	0	0	0	0	0	45	970	8.085930000000001	0.1236716122944423	11.769415103354424	0	0.8258631189381638	0	67.12837589770562	45.758496548943654	162.02487300753197	0.2824164938355885	0.16398855790243053
Strange Eyed Monster	21.590429604600242	7.172459275151715	0	2.9503596996812917	0	0	0	0	0	0	0	0	51	924	12.039209999999999	0.08306192848201835	15.324925804932384	0	0.9127778775480877	0	64.06993246241046	53.99025351331192	160.21690904609318	0.3369822438515484	0.22894359347498716
Eyes	22.50232369059985	7.476333370439773	0	3.1401415468308973	0	0	0	0	0	0	0.0004950673609868531	0	73	910	14.13949	0.0707239087124076	16.58475659305958	0	0.9127557236140893	0	63.71583242550459	57.286366057050145	162.20762576097405	0.3531669105462785	0.22381288151128506
Griffin	24.518584103512207	8.147002888170048	0	3.629285390436997	0	0	0	0	0	0	0.00027464862414117814	0	75	836	22.9384	0.043595019704948904	6.866215603529453	0	0.93489120830762	0	62.671141351222346	65.39252955742336	167.14768054735293	0.39122606633418194	0.34301869354444947
Pegasus	22.429541670285786	7.453309305117036	0	3.421040097055552	0	0	0	0	0	0	0	0	154	636	35.6909	0.028018346413231386	3.278146530348072	0	0.8329563148587571	0	54.180689858682314	61.64036210910905	148.89815366289457	0.41397667192477633	0.36635949219548963
Fairy	16.139790513167014	5.358017023471761	0	2.152660475020412	0	0	0	0	0	0	0.00014545003209597376	0	153	650	10.31282	0.0969666880639825	5.630173217700198	0	0.8886259582811085	0	50.83740704315661	39.75634210623283	125.22525274121132	0.3174786333902851	0.18912382839999148
Valkyrie	20.89994407573881	6.9425956247490115	0	2.866022759873769	0	0	0	0	0	0	0	0	68	868	10.457	0.09562972171750979	8.808453667399828	0	0.9164555882811176	0	65.43826432720543	51.64004972745529	161.68632852266603	0.31938414459213926	0.23088840011475567
Angel	19.95637477347126	6.628370602139486	0	2.8472379867718867	0	0	0	0	0	0.0007246348930297819	0.30770690891275265	0	171	421	15.594059999999999	0.0641269816840515	9.915252834672152	0	0.9813624128617193	0	55.09053189116416	51.30158534724119	141.62049248526262	0.36224690683503846	0.2345893243965972
Holy Archer	25.9831915797615	8.634082121622228	0	3.6712606187969565	0	0	0	0	0	0	0	0	85	815	15.72212	0.0636046538253111	26.243510858777643	0	0.9382542006950434	0	71.56937858056375	66.78488651657665	183.95557034986598	0.36304900356949316	0.3046217685655624
Paladin	20.265097601406094	6.733617726337336	0	2.9741277678144007	0	0	0	0	0	0	0	0	95	824	22.39312	0.04465657309030631	13.86704111751617	0	0.7807449456930238	0	52.01310788909635	53.58788770836757	137.5405458067326	0.3896152032409954	0.2863915345427524
Priest	20.327941199214624	6.7521487249721055	0	3.029498949985975	0	0	0	0	0	0.008472134826349665	3.5527053971479043	0	192	421	26.380599999999998	0.037906643518343025	0.5209025516593496	0	0.9535282875627105	0	50.879835063284055	54.964633101597386	137.57376800318792	0.39952844135463184	0.2766009870889972
Goo Monster	10.187890598290574	3.3812169401712517	0	1.2530237058538947	0	0	0	0	0	0	0	0	20	1025	6.201	0.16126431220770845	4.495853552457326	0	0.7148228175851479	0	43.692585655992694	24.189646831156264	103.74161421951726	0.2331720690211256	0.07476213513949363
Green Goo Monster	17.642654336568253	5.858281840783967	0	3.6544011939905405	0	0	0	0	0	0	0	0	25	1010	8.20107	0.12193530844145947	12.408522045871678	0	0.8413230727751464	0	62.05551689826719	42.67735795451082	150.11151140847485	0.2843043651621069	0.16935594989434305
Purple Goo Monster	21.05171481436454	6.99255642802154	0	2.8911771345222177	0	0	0	0	0	0	0	0	37	975	10.36602	0.09646904019093151	26.357670343201583	0	0.9201190896226508	0	66.22636545173108	52.093281703103024	163.8797001608449	0.31787513433313846	0.1889442621179585
Scattered Goo Monster	23.422552217613955	7.78136128470272	0	2.332978365654075	0	0	0	0	0	0	0	0	60	938	12.84624	0.0778437893111136	10.080770715789212	0	0.9654368140159519	0	68.2278694814179	59.161279876446336	172.3316931588853	0.3432988952409421	0.212015344567749
Raging Horned Elite	24.24861716169331	8.057065267966427	0	3.5672228687909313	0	0	0	0	0	0	0	0	85	815	21.781650000000003	0.04591020423154352	100.16280312853031	0	0.9267226330642919	0	62.52292245226477	64.27428592416094	165.72558211110717	0.38783563228681023	0.3074193185548386
Seething Horned Elite	17.54616999355243	5.830340827351542	0	2.4223895721342275	0	0	0	0	0	0	0	0	141	568	41.240269999999995	0.024248143865207482	66.8601102566006	0	0.6556749030166564	0	41.85225731075331	48.496287730414956	115.67647603183417	0.41924070817189124	0.3437101648461564
Dark Horned Elite	12.869603970567246	4.2767893842164915	0	2.0310810291542474	0	0	0	0	0	0.004978370424741652	2.0606022821822436	0	257	421	76.51097999999999	0.013070019492627073	22.756405771201706	0	0.4722260869368	0	29.554284633762474	36.5960545793558	84.04067568703252	0.4354564534397547	0.3626551378638726
Furious Horned Elite	27.483983761034825	9.134059000145005	0	4.202343469015605	0	0	0	0	0	0.004278061369358228	1.818754061949862	0	191	421	39.62075	0.025239300114207833	238.32625061381955	0	0.918345170519852	0	65.73954079833985	75.71790034262351	181.11129893023593	0.4180738628117842	0.34203037549768744
Druid	14.986131005462342	4.974313544131053	0	1.9727660019340842	0	0	0	0	0	0	0.00034499882386764593	0	73	876	9.56525	0.10454509814171087	2.2701221310771507	0	0.8723940054963686	0	48.780402096235846	36.590784349598806	119.10433539780848	0.3072162253992316	0.17939938841117586
Thief	20.434613180515782	6.788746234131783	0	2.7479656160458457	0	0	0	0	0	0	0	0	57	916	10.90625	0.09169054441260745	2.6719443870065676	0	0.8254073067674117	0	62.93132659400245	50.429799426934096	155.3058112610832	0.32471289398280806	0.3519174785100287
Shaman	19.28561476671167	6.405301835162807	0	2.706580212506417	0	0	0	0	0	0	0.0001581639276848162	0	124	612	15.17413	0.06590163653534008	5.4918030446116735	0	0.9602364606248748	0	53.60242249290274	49.42622740150506	137.37521751076105	0.3597899846646892	0.2309456950744458
Necromancer	19.133692928175343	6.355000551836761	0	2.7486466195123875	0	0	0	0	0	0.0005268634501653034	0.23090844430394752	0	147	421	18.98025	0.052686345016530335	3.826968344484293	0	0.9268308971624339	0	50.58604493599477	50.052027765703826	132.32856486189075	0.37824053950817293	0.25395872024867955
Elementalist	18.742248185723877	6.225225094815544	0	2.76082848924673	0	0	0	0	0	0.02630850513292655	10.90135714658226	0	216	421	24.9273	0.04011665924508471	2.7343195604858734	0	0.884426835783847	0	47.27867099790469	50.145824056355885	126.49645303945677	0.39642079166215355	0.2734110794189503
Turkul Riders	20.211303190008802	6.713697989623681	0	2.7350754952019827	0	0	0	0	0	0	0	0	48	968	10.95765	0.09126044361701643	18.564118916652642	0	0.8839420220038474	0	62.11251581781466	50.19324398935903	154.25173883778325	0.32539823776083376	0.21776567055892457
Turkul Archers	22.96136460064422	7.628901262099691	0	3.188280913399397	0	0	0	0	0	0	0	0	54	927	12.18525	0.08206643277733325	19.23502280575578	0	0.886351425974996	0	67.86900375985445	57.44650294413327	169.79987871437234	0.33831886912455633	0.2623663855891344
Turkul Throwers	23.290627046150753	7.73897778083434	0	3.2657504422370396	0	0	0	0	0	0	0.000183882344720554	0	64	873	13.59565	0.0735529378882216	28.337144951650327	0	0.8751686176600826	0	66.60872412124772	58.84235031057728	168.28288352720924	0.34966331142681667	0.35418681710694233
Turkul Giant	20.716562267553876	6.883636853917201	0	3.0410611751007415	0	0	0	0	0	0	0	0	112	824	21.90025	0.04566157920571683	15.703744441435134	0	0.8027529029447256	0	53.36429419306235	54.7938950468602	141.1449205471718	0.38821018024908394	0.24649490302622118
Turkul General	24.15107657861082	8.025580399955608	0	3.5350302835145597	0	0	0	0	0	0	0	0	97	740	22.60801	0.044232110654586584	14.106813963300727	0	0.844752097490864	0	61.89722269079027	64.13656044915055	164.37672878973382	0.3901802945062392	0.2874556407220273
Sand Beast	24.392552226848515	8.106263110106338	0	3.6539561804350185	0	0	0	0	0	0.002869636561602903	0.9209422283479302	0	125	421	27.94779	0.035781004508764376	13.051773035382398	0	0.8380830835110764	0	60.593917408848824	66.1948583412141	164.43567454180223	0.4025577693263045	0.7835789520387838
Rancora Spider	19.432447719784516	6.458454319619843	0	3.061704016291114	0	0	0	0	0	0.06976939011856678	28.047117783811238	0	216	421	77.94679	0.012829264681714284	1.6200146865268925	0	0.6396103849263257	0	44.58597164176974	55.165838131371416	126.57296342630069	0.4358421943995384	0.3630463807425553
Elder Vampire	23.195938736854103	7.709420737971036	0	1.9431344333925027	0	0	0	0	0	0.06346929415311242	26.314416657038525	0	157	421	139.95429000000001	0.00714519004740762	5.126362036506665	0	0.7500644770529141	0	52.22235132648129	65.9776459871291	148.53927006453856	0.44417645218306634	0.3722944112681362
Cursed Maiden	9.910617839569335	3.292579777588497	0	1.5923727629341105	0	0	0	0	0	0.1721659404377139	70.86034301101378	0	405	421	188.2097	0.00531322243221258	3.1612500574880698	0	0.4431310138009681	0	22.181090107381028	28.69140113394793	64.21461952837929	0.4468048139920525	0.3252345654873261
Bounty Hunter	10.705518285937472	3.557644215277585	0	1.7269509717599794	0	0	0	0	0	0.005069263663299174	2.1401359285845953	0	191	421	186.39788000000001	0.005364867883690522	10.619179921621695	0	0.3849859201457084	0	23.964590434992257	31.11623372540503	69.65452556261042	0.4467223554259308	0.5724255018351067
Wicked Greater Dragon	15.262301466999755	5.0706008389991135	0	2.421506603346143	0	0	0	0	0	0.52569213471833	209.5144716484033	0	154	422	148.9775	0.0067124230168985255	130.51048907257345	0	0.6802585143917406	0	34.31230973349766	43.63074960984041	98.08951800319923	0.4448054236377976	2.0095665452836835
Hunting Greater Dragon	23.331749076233	7.754371815659913	0	3.6705578080759276	0	0	0	0	0	0.2891211046764502	136.31075288645508	0	288	421	102.81816	0.009725908341483644	448.11291409168666	0	0.759369303037194	0	52.97037211982787	66.13617672208878	150.1498186057706	0.4404679095599454	2.4654370395268694
Chaotic Greater Dragon	11.998466021590275	3.9873678483944963	0	1.9355340674134653	0	0	0	0	0	0.33440556828665374	149.5068010654107	0	348	422	203.58722	0.004911899676217397	16.55806978459353	0	0.4286472995875368	0	26.820216293489043	34.87448770114352	77.9550737224426	0.4473664899004957	2.1095007830059274
Umbora	6.307832731324383	2.096210397750956	0	0	0	0	0	0	0	0.0853115737444729	74.97366826817645	1	540	421	NaN	0	NaN	0	0.25475500748611823	NaN	18.71687753333391	18.18006738220852	53.944692136614705	0.33701308992861756	0.5464529330938248
Rokken	10.962662084113688	3.6434715432941145	0	1.4144841221268956	0	0	0	0	0	0.1245061791693681	55.18423946439136	0.3526	456	421	317.8190500463392	0.0031464444936645437	0.5317491194293078	0	0.4081973941645778	0	42.45723623304045	31.9838109452848	123.86993291571926	0.2582047975035758	0.39430383124621854
Ku-tul	7.166309102669593	2.380898476619257	0	1.1652512305147975	0	0	0	0	0	0.35262921718842244	154.1707223424871	0	873	1014	400.085396	0.0024994663889206293	0.43740661806111014	0	0.36480066610601325	0	18.28174758863849	20.99551766693329	53.56101013514591	0.39199256350761674	0.4248310528185337
Chicken Coop	7.3193299010174435	2.4275055547015643	0	0	0	0	0	0	0	0	0	0	31	1000	36.494310000000006	0.027401531910042957	21.523903315338742	0	0.7136620024196905	0	31.99275312604799	17.810995741527925	77.85177022948307	0.2287808702233307	0.06604591236277656
Chicken	2.390363410954608	0.7887811942673196	0	0	0	0	0	0	0	0	0	0	7	1043	5.35592	0.1867092861730571	9.05540037939327	0	0.6369553264785388	0	11.969516828721021	5.6012785851917135	28.047868362004486	0.1997042524907019	0.013443068604460111
Chicken	2.390363410954608	0.7887811942673196	0	0	0	0	0	0	0	0	0	0	7	1043	5.35592	0.1867092861730571	9.05540037939327	0	0.6369553264785388	0	11.969516828721021	5.6012785851917135	28.047868362004486	0.1997042524907019	0.013443068604460111
Chicken	2.390363410954608	0.7887811942673196	0	0	0	0	0	0	0	0	0	0	7	1043	5.35592	0.1867092861730571	9.05540037939327	0	0.6369553264785388	0	11.969516828721021	5.6012785851917135	28.047868362004486	0.1997042524907019	0.013443068604460111
Chicken	2.390363410954608	0.7887811942673196	0	0	0	0	0	0	0	0	0	0	7	1043	5.35592	0.1867092861730571	9.05540037939327	0	0.6369553264785388	0	11.969516828721021	5.6012785851917135	28.047868362004486	0.1997042524907019	0.013443068604460111
Chick	2.3953713998102724	0.7905363859362634	0	0	0	0	0	0	0	0	0	0	6	1044	5.3445100000000005	0.18710789202377764	0	0	0.6351579710911937	0	12.028644555106643	5.613236760713329	28.187541106830782	0.19913892948090656	0.011806507986700372
Mumma Chicken	20.882060595592066	6.936631948197199	0	0	0	0	0	0	0	0	0	0	31	1000	9.726120000000002	0.10281592248501971	0	0	0.9254529778289222	0	67.55410849825375	51.40796124250986	166.30633627141194	0.3091160709512118	0.2117185475811526
Undead Graveyard	16.6242650626746	5.520586849945566	0	0	0	0	0	0	0	0	0	0	62	933	64.26133000000002	0.01556145818955194	31.335142472688975	0	0.8202749725710112	0	59.07809538345851	40.45979129283504	143.78304244917823	0.2813947361500298	0.14470288741300558
Zombie Hand	12.634050733331629	4.1939457998458956	0	0	0	0	0	0	0	0	0	0	25	1025	6.64297	0.15053507693095106	9.634244923580868	0	0.7470535435307735	0	51.11615810950728	30.107015386190213	121.81009805712894	0.24716354281292857	0.09452097480494417
Zombie Hand	12.634050733331629	4.1939457998458956	0	0	0	0	0	0	0	0	0	0	25	1025	6.64297	0.15053507693095106	9.634244923580868	0	0.7470535435307735	0	51.11615810950728	30.107015386190213	121.81009805712894	0.24716354281292857	0.09452097480494417
Zombie Hand	12.634050733331629	4.1939457998458956	0	0	0	0	0	0	0	0	0	0	25	1025	6.64297	0.15053507693095106	9.634244923580868	0	0.7470535435307735	0	51.11615810950728	30.107015386190213	121.81009805712894	0.24716354281292857	0.09452097480494417
Zombie	16.37297711389141	5.436525666761115	0	0	0	0	0	0	0	0	0	0	31	1003	7.60505	0.13149157467735254	9.585735793979001	0	0.8140263861001973	0	60.23476664086681	39.447472403205765	145.12383900928793	0.2718193831730232	0.13349024661244832
Zombie	16.37297711389141	5.436525666761115	0	0	0	0	0	0	0	0	0	0	31	1003	7.60505	0.13149157467735254	9.585735793979001	0	0.8140263861001973	0	60.23476664086681	39.447472403205765	145.12383900928793	0.2718193831730232	0.13349024661244832
Zombie	16.37297711389141	5.436525666761115	0	0	0	0	0	0	0	0	0	0	31	1003	7.60505	0.13149157467735254	9.585735793979001	0	0.8140263861001973	0	60.23476664086681	39.447472403205765	145.12383900928793	0.2718193831730232	0.13349024661244832
Ghost	18.622901244147684	6.185122940552113	0	0	0	0	0	0	0	0	0	0	36	996	8.827729999999999	0.11327940478469552	12.460734526316507	0	0.8634709857613498	0	63.02152265583066	45.3117619138782	153.33895576171128	0.29550065532135666	0.19044533532403007
Zombie Leader	21.952304843201876	7.29291535122635	0	0	0	0	0	0	0	0	0	0	62	933	12.689540000000001	0.07880506306769197	0	0	0.9163577349964314	0	64.08351938162919	55.163544147384385	161.03430030596516	0.34255772864895023	0.21185165104487633
Spider Forest	20.80093705314478	6.910090308023743	0	0	0	0	0	0	0	0	0.0001229486511544988	0	83	848	91.09494	0.010977558138794537	27.324888637163504	0	0.8866186342580296	0	62.78113156185807	53.24115697315351	160.69180306142732	0.33132465974509673	0.19792317773083776
Spider	14.343336265669729	4.762535852760065	0	0	0	0	0	0	0	0	0	0	42	1008	7.2752	0.13745326588959753	0	0	0.7589415295093049	0	54.24475749857068	34.36331647239938	129.95789364245985	0.2644188475918188	0.11952936001759402
Spider	15.994641594985683	5.311099223947529	0	0	0	0	0	0	0	0	0	0	42	974	7.798439999999999	0.12823077436000022	0	0	0.7903380284743466	0	57.867433449315776	38.46923230800006	139.17884481558804	0.27640143413298046	0.1375403285785362
Spider	14.343336265669729	4.762535852760065	0	0	0	0	0	0	0	0	0	0	42	1008	7.2752	0.13745326588959753	0	0	0.7589415295093049	0	54.24475749857068	34.36331647239938	129.95789364245985	0.2644188475918188	0.11952936001759402
Spider	15.994641594985683	5.311099223947529	0	0	0	0	0	0	0	0	0	0	42	974	7.798439999999999	0.12823077436000022	0	0	0.7903380284743466	0	57.867433449315776	38.46923230800006	139.17884481558804	0.27640143413298046	0.1375403285785362
Spider	14.343336265669729	4.762535852760065	0	0	0	0	0	0	0	0	0	0	42	1008	7.2752	0.13745326588959753	0	0	0.7589415295093049	0	54.24475749857068	34.36331647239938	129.95789364245985	0.2644188475918188	0.11952936001759402
Evil Spider	22.831891130722557	7.585428377172698	0	0	0	0	0	0	0	0	0.0004299734491395156	0	60	936	13.024059999999999	0.0767809730606278	0	0	0.9345777001914413	0	66.17645933014319	57.58572979547085	166.90775564704575	0.34501530244793094	0.21375822900078778
Evil Spider	22.831891130722557	7.585428377172698	0	0	0	0	0	0	0	0	0.0004299734491395156	0	60	936	13.024059999999999	0.0767809730606278	0	0	0.9345777001914413	0	66.17645933014319	57.58572979547085	166.90775564704575	0.34501530244793094	0.21375822900078778
Spider King	26.70159168327648	8.872839445648363	0	0	0	0	0	0	0	0	0	0	83	848	27.62434	0.036199959890444444	0	0	0.9964694219482539	0	66.3745599438492	72.3999197808889	179.97102466502892	0.40228653426652006	0.2790220508435677
Frozen Cove	21.8697049708738	7.265630519096965	0	0	0	0	0	0	0	0	0	0	100	809	109.27938	0.009150857188245395	40.88965572841916	0	0.9017636516639893	0	62.38274202305398	56.27777170770918	160.53082191780823	0.35057299922455637	0.2220043708154274
Ice Monster	19.503361352307152	6.478178070273348	0	0	0	0	0	0	0	0	0	0	54	951	10.38344	0.09630719684420577	18.20206020355489	0	0.871582199988985	0	61.30596143250694	48.15359842210289	151.3637877274241	0.31813156333546494	0.18942662547286834
Ice Monster	19.503361352307152	6.478178070273348	0	0	0	0	0	0	0	0	0	0	54	951	10.38344	0.09630719684420577	18.20206020355489	0	0.871582199988985	0	61.30596143250694	48.15359842210289	151.3637877274241	0.31813156333546494	0.18942662547286834
Ice Monster	19.503361352307152	6.478178070273348	0	0	0	0	0	0	0	0	0	0	54	951	10.38344	0.09630719684420577	18.20206020355489	0	0.871582199988985	0	61.30596143250694	48.15359842210289	151.3637877274241	0.31813156333546494	0.18942662547286834
Ice Troll	22.233922932545426	7.386710641063207	0	0	0	0	0	0	0	0	0	0	60	946	12.52591	0.07983451900899816	0	0	0.9230592012868355	0	65.24848712602208	55.8841633062987	163.99971885762483	0.3407576774861068	0.20992486773416064
Ice Troll	22.233922932545426	7.386710641063207	0	0	0	0	0	0	0	0	0	0	60	946	12.52591	0.07983451900899816	0	0	0.9230592012868355	0	65.24848712602208	55.8841633062987	163.99971885762483	0.3407576774861068	0.20992486773416064
Ice Troll	22.233922932545426	7.386710641063207	0	0	0	0	0	0	0	0	0	0	60	946	12.52591	0.07983451900899816	0	0	0.9230592012868355	0	65.24848712602208	55.8841633062987	163.99971885762483	0.3407576774861068	0.20992486773416064
Ice	15.379275430539753	5.106899653937473	0	0	0	0	0	0	0	0	0	0	60	959	8.09391	0.12354968118004772	0	0	0.7654412805802924	0	54.40968231488767	37.06490435401432	131.13034356150013	0.28265696060371315	0.14431838258641375
Protector of Ice	25.33759703636353	8.419513143496804	0	0	0	0	0	0	0	0	0	0	100	809	32.45742	0.03080959608003347	0	0	0.9400315492075206	0	61.79781998527228	69.32159118007532	169.07377628157923	0.4100079427138694	0.2866278342517674
Deep Sea Ship	19.218607918859036	6.385037740796382	0	0	0	0	0	0	0	0	0.00004302344535386177	0	119	746	165.0263	0.006059640190684758	25.50171664899856	0	0.7868788285802952	0	52.17033880712662	49.992031573149255	135.707083251772	0.3683818882202413	0.19435689947602292
Pirate	19.714377365424127	6.548616193136146	0	0	0	0	0	0	0	0	0	0	49	959	10.286209999999999	0.09721753687704218	0	0	0.8795069525433408	0	62.16431918089553	48.60876843852109	153.275497378989	0.31713332704659924	0.15048302533197358
Pirate	19.714377365424127	6.548616193136146	0	0	0	0	0	0	0	0	0	0	49	959	10.286209999999999	0.09721753687704218	0	0	0.8795069525433408	0	62.16431918089553	48.60876843852109	153.275497378989	0.31713332704659924	0.15048302533197358
Pirate	19.714377365424127	6.548616193136146	0	0	0	0	0	0	0	0	0	0	49	959	10.286209999999999	0.09721753687704218	0	0	0.8795069525433408	0	62.16431918089553	48.60876843852109	153.275497378989	0.31713332704659924	0.15048302533197358
Pirate	19.714377365424127	6.548616193136146	0	0	0	0	0	0	0	0	0	0	49	959	10.286209999999999	0.09721753687704218	0	0	0.8795069525433408	0	62.16431918089553	48.60876843852109	153.275497378989	0.31713332704659924	0.15048302533197358
Pirate	19.714377365424127	6.548616193136146	0	0	0	0	0	0	0	0	0	0	49	959	10.286209999999999	0.09721753687704218	0	0	0.8795069525433408	0	62.16431918089553	48.60876843852109	153.275497378989	0.31713332704659924	0.15048302533197358
Pirate	19.714377365424127	6.548616193136146	0	0	0	0	0	0	0	0	0	0	49	959	10.286209999999999	0.09721753687704218	0	0	0.8795069525433408	0	62.16431918089553	48.60876843852109	153.275497378989	0.31713332704659924	0.15048302533197358
Pirate	19.714377365424127	6.548616193136146	0	0	0	0	0	0	0	0	0	0	49	959	10.286209999999999	0.09721753687704218	0	0	0.8795069525433408	0	62.16431918089553	48.60876843852109	153.275497378989	0.31713332704659924	0.15048302533197358
First Mate	22.363815245895484	7.42985733493626	0	0	0	0	0	0	0	0	0.0005334936318893939	0	76	894	13.3085	0.07513994815343578	0	0	0.916838795605146	0	64.38141322546454	56.35496111507683	162.23582599666875	0.3473644663185182	0.21702671225156853
Pirate Captain	21.693848246986438	7.2080072108682005	0	0	0	0	0	0	0	0	0	0	103	851	17.84584	0.05603546820995818	0	0	0.854210027080593	0	58.02967020909847	56.035468209958175	149.89132878662969	0.373840626162736	0.23276012785052427
The Kraken	17.251082041924917	5.732528212244938	0	0	0	0	0	0	0	0	0	0	119	746	61.86849	0.016163316738456036	0	0	0.631502855105226	0	40.0282931337108	48.48995021536812	112.51293898798362	0.43097221218749643	0.229464142409165
Volcanic Cave	17.400085365192417	5.780812071261715	0	0	0	0	0	0	0	0.10220604258382697	45.15232799039199	0	306	421	173.73826	0.005755784592294179	296.48749787007904	0	0.7279027363296997	0	44.74769871769245	46.621855197582846	119.89715488492092	0.38884871990775094	1.0566768655332452
Bat	7.232537977282064	2.399170609347475	0	0	0	0	0	0	0	0	0	0	31	1019	5.8456	0.17106883810045162	0	0	0.6752420025774475	0	32.85044599844603	17.10688381004516	77.7000777000777	0.22016559463528124	0.0495073217462707
Big Bat	12.541145056998731	4.163508514147217	0	0	0	0	0	0	0	0	0	0	48	1002	6.68875	0.14950476546439917	0	0	0.7424342987529142	0	50.46599927806537	29.90095309287984	120.3224642040669	0.24850682115492434	0.09653522706036255
The Eye	15.993405040482681	5.310056054716659	0	0	0	0	0	0	0	0	0.001209763083145148	0	126	669	10.16728	0.0983547222069226	0	0	0.8844152111680215	0	50.710854861847054	39.341888882769034	124.74271814382836	0.31538425222871797	0.2074989574399446
Resurrected Eye	18.519762599667157	6.150822635687614	0	0	0	0	0	0	0	0.014676502686617009	6.12391834592654	0	216	421	16.7683	0.059636337613234496	0	0	0.9156964411970336	0	50.250802634346634	47.7090700905876	129.4519328791728	0.36854660281602786	0.2618989402622806
Vicious Serpent	25.414648929744207	8.445081378437674	0	0	0	0	0	0	0	0	0	0	136	610	16.77029	0.059629261032456804	0	0	0.9160041874040736	0	68.94275938596917	65.59218713570249	177.93306481616278	0.3686340546287512	0.26241645195163593
Fire Spirit	20.93388577420226	6.953560928526221	0	0	0	0	0	0	0	0.05682078799110631	23.136465652030815	0	306	421	24.85358	0.040235652167615286	0	0	0.9854583917083937	0	52.834990789353206	56.32991303466141	142.1709504128035	0.39621253759015806	0.2734937984789314
Prat, the Protector of Secrets	20.625381195497756	6.854107444316943	0	0	0	0	0	0	0	0.06770162425964982	27.610498061853857	0	241	421	28.653669999999998	0.03489954340927358	0	0	0.7191667902686327	0	51.08771169239797	55.83926945483772	138.31019519026296	0.40372489806715856	0.4296727085919535
Malcs, the Guardian of Melvor	13.849761517243365	4.602297080064193	0	0	0	0	0	0	0	0.2212646538665955	99.6365383205927	0	302	421	63.990790000000004	0.015627248858781084	0	0	0.5112185902444222	0	32.08217244050598	39.06812214695271	90.49904795001557	0.4316964988242839	2.385327638555486
Bandit Base	20.96167012731718	6.963618842860781	0	0	0	0	0	0	0	0	0.00010807910373178073	0	84	779	62.91687999999999	0.015893985842908933	20.464606269138933	0	0.8803436923693786	0	70.06140447617679	52.450153281599476	175.30718600092433	0.29918997890550203	0.30283129106211243
Bandit Trainee	12.952604124750858	4.300744090308887	0	0	0	0	0	0	0	0	0	0	21	1010	6.48621	0.15417323830094926	6.748044045633856	0	0.7326758198363037	0	53.47419667748728	30.83464766018985	127.2993444083763	0.24222157469462136	0.2430541101814465
Bandit Trainee	12.952604124750858	4.300744090308887	0	0	0	0	0	0	0	0	0	0	21	1010	6.48621	0.15417323830094926	6.748044045633856	0	0.7326758198363037	0	53.47419667748728	30.83464766018985	127.2993444083763	0.24222157469462136	0.2430541101814465
Bandit Trainee	12.952604124750858	4.300744090308887	0	0	0	0	0	0	0	0	0	0	21	1010	6.48621	0.15417323830094926	6.748044045633856	0	0.7326758198363037	0	53.47419667748728	30.83464766018985	127.2993444083763	0.24222157469462136	0.2430541101814465
Bandit	20.0866219322077	6.671971668446299	0	0	0	0	0	0	0	0	0	0	40	959	8.22334	0.12160508990264296	25.59234392041986	0	0.8608514778645437	0	70.60445462705744	48.64203596105718	170.97670442402222	0.2844951078272332	0.28641646824769496
Bandit	20.0866219322077	6.671971668446299	0	0	0	0	0	0	0	0	0	0	40	959	8.22334	0.12160508990264296	25.59234392041986	0	0.8608514778645437	0	70.60445462705744	48.64203596105718	170.97670442402222	0.2844951078272332	0.28641646824769496
Bandit	20.0866219322077	6.671971668446299	0	0	0	0	0	0	0	0	0	0	40	959	8.22334	0.12160508990264296	25.59234392041986	0	0.8608514778645437	0	70.60445462705744	48.64203596105718	170.97670442402222	0.2844951078272332	0.28641646824769496
Bandit Leader	30.40550323260874	10.104459474043045	0	0	0	0	0	0	0	0	0.00036192871813896254	0	84	779	18.78823	0.053224811491023906	0	0	1.058598226661167	0	80.54729608166555	79.83721723653585	211.496975593249	0.37748633053778885	0.38629503683955324
Hall of Wizards	20.10988816379503	6.678335403345131	0	0	0	0	0	0	0	0.007382571673794654	3.0981435828956614	0	189	421	128.64081	0.007773582893329108	41.72426680351958	0	1.0044823779675527	0	56.639247154849016	52.08300538530503	146.69112978442973	0.35505217978649234	0.2699166772970413
Wizard	14.755664532369707	4.896522556960964	0	0	0	0	0	0	0	0	0	0	108	774	8.389959999999999	0.11919007957129714	4.538115824746348	0	0.8711267141078838	0	51.26482885419709	35.75702387138913	124.2287465319475	0.2878321231567254	0.17587688141540606
Wizard	14.755664532369707	4.896522556960964	0	0	0	0	0	0	0	0	0	0	108	774	8.389959999999999	0.11919007957129714	4.538115824746348	0	0.8711267141078838	0	51.26482885419709	35.75702387138913	124.2287465319475	0.2878321231567254	0.17587688141540606
Wizard	14.755664532369707	4.896522556960964	0	0	0	0	0	0	0	0	0	0	108	774	8.389959999999999	0.11919007957129714	4.538115824746348	0	0.8711267141078838	0	51.26482885419709	35.75702387138913	124.2287465319475	0.2878321231567254	0.17587688141540606
Master Wizard	19.851826676019922	6.592180395744549	0	0	0	0	0	0	0	0.00014943153752599485	0.06367443849024337	0	153	422	12.04565	0.08301752084777492	39.21839926538718	0	1.0176768944758496	0	58.98573162308815	49.81051250866495	148.0019733596448	0.33655302951687954	0.26052558392448727
Master Wizard	19.851826676019922	6.592180395744549	0	0	0	0	0	0	0	0.00014943153752599485	0.06367443849024337	0	153	422	12.04565	0.08301752084777492	39.21839926538718	0	1.0176768944758496	0	58.98573162308815	49.81051250866495	148.0019733596448	0.33655302951687954	0.26052558392448727
Master Wizard	19.851826676019922	6.592180395744549	0	0	0	0	0	0	0	0.00014943153752599485	0.06367443849024337	0	153	422	12.04565	0.08301752084777492	39.21839926538718	0	1.0176768944758496	0	58.98573162308815	49.81051250866495	148.0019733596448	0.33655302951687954	0.26052558392448727
Dark Wizard	21.1677732420132	7.030856998479384	0	0	0	0	0	0	0	0.012534014002748544	5.271964742245213	0	189	421	19.69042	0.05078611832556137	82.94090024234465	0	1.0083619013429135	0	55.55808981485205	55.8647301581175	146.62561149544794	0.3810025382901939	0.33165366711324595
Dark Wizard	21.1677732420132	7.030856998479384	0	0	0	0	0	0	0	0.012534014002748544	5.271964742245213	0	189	421	19.69042	0.05078611832556137	82.94090024234465	0	1.0083619013429135	0	55.55808981485205	55.8647301581175	146.62561149544794	0.3810025382901939	0.33165366711324595
Elder Wizard	23.774246385200456	7.897475657117447	0	0	0	0	0	0	0	0.01612341225350712	6.748161387235924	0	189	421	27.953139999999998	0.03577415632018443	0	0	1.101906965163435	0	59.00267573446524	64.39348137633196	159.8110678042847	0.40293505488113324	0.2797574798394742
Air God Dungeon	17.755308466059216	5.900588709515796	0	0	0	0	0	0	0	0.12382940268173179	50.94282635295048	0	406	421	1153.32786	0.0008670561378791282	397.4704005923323	0	0.613716371278239	0	44.05954629646156	49.595611086686134	123.07080594810672	0.40298436907610985	0.6068876199695721
Air Guard	27.466390519329806	9.127607827767115	0	0	0	0	0	0	0	0.04883554960019808	23.289250741587654	0	164	421	20.5977	0.048549109852070865	0	0	0.9543603878783946	0	71.49828402441638	72.82366477810629	189.56866809053798	0.3841545415264811	0.8389965869975774
Air Guard	27.466390519329806	9.127607827767115	0	0	0	0	0	0	0	0.04883554960019808	23.289250741587654	0	164	421	20.5977	0.048549109852070865	0	0	0.9543603878783946	0	71.49828402441638	72.82366477810629	189.56866809053798	0.3841545415264811	0.8389965869975774
Air Guard	27.466390519329806	9.127607827767115	0	0	0	0	0	0	0	0.04883554960019808	23.289250741587654	0	164	421	20.5977	0.048549109852070865	0	0	0.9543603878783946	0	71.49828402441638	72.82366477810629	189.56866809053798	0.3841545415264811	0.8389965869975774
Air Guard	27.466390519329806	9.127607827767115	0	0	0	0	0	0	0	0.04883554960019808	23.289250741587654	0	164	421	20.5977	0.048549109852070865	0	0	0.9543603878783946	0	71.49828402441638	72.82366477810629	189.56866809053798	0.3841545415264811	0.8389965869975774
Air Guard	27.466390519329806	9.127607827767115	0	0	0	0	0	0	0	0.04883554960019808	23.289250741587654	0	164	421	20.5977	0.048549109852070865	0	0	0.9543603878783946	0	71.49828402441638	72.82366477810629	189.56866809053798	0.3841545415264811	0.8389965869975774
Air Guard	27.466390519329806	9.127607827767115	0	0	0	0	0	0	0	0.04883554960019808	23.289250741587654	0	164	421	20.5977	0.048549109852070865	0	0	0.9543603878783946	0	71.49828402441638	72.82366477810629	189.56866809053798	0.3841545415264811	0.8389965869975774
Air Guard	27.466390519329806	9.127607827767115	0	0	0	0	0	0	0	0.04883554960019808	23.289250741587654	0	164	421	20.5977	0.048549109852070865	0	0	0.9543603878783946	0	71.49828402441638	72.82366477810629	189.56866809053798	0.3841545415264811	0.8389965869975774
Air Guard	27.466390519329806	9.127607827767115	0	0	0	0	0	0	0	0.04883554960019808	23.289250741587654	0	164	421	20.5977	0.048549109852070865	0	0	0.9543603878783946	0	71.49828402441638	72.82366477810629	189.56866809053798	0.3841545415264811	0.8389965869975774
Air Monster	22.1211350671357	7.350891881659808	0	0	0	0	0	0	0	0.010273994433141295	4.167150988362699	0	256	421	36.08139	0.027715118514004034	0	0	0.8188777221736387	0	53.397645198193636	60.973260730808875	147.18180297708648	0.4142717339880753	0.5493247349949655
Air Monster	22.1211350671357	7.350891881659808	0	0	0	0	0	0	0	0.010273994433141295	4.167150988362699	0	256	421	36.08139	0.027715118514004034	0	0	0.8188777221736387	0	53.397645198193636	60.973260730808875	147.18180297708648	0.4142717339880753	0.5493247349949655
Air Monster	22.1211350671357	7.350891881659808	0	0	0	0	0	0	0	0.010273994433141295	4.167150988362699	0	256	421	36.08139	0.027715118514004034	0	0	0.8188777221736387	0	53.397645198193636	60.973260730808875	147.18180297708648	0.4142717339880753	0.5493247349949655
Air Monster	22.1211350671357	7.350891881659808	0	0	0	0	0	0	0	0.010273994433141295	4.167150988362699	0	256	421	36.08139	0.027715118514004034	0	0	0.8188777221736387	0	53.397645198193636	60.973260730808875	147.18180297708648	0.4142717339880753	0.5493247349949655
Air Monster	22.1211350671357	7.350891881659808	0	0	0	0	0	0	0	0.010273994433141295	4.167150988362699	0	256	421	36.08139	0.027715118514004034	0	0	0.8188777221736387	0	53.397645198193636	60.973260730808875	147.18180297708648	0.4142717339880753	0.5493247349949655
Air Monster	22.1211350671357	7.350891881659808	0	0	0	0	0	0	0	0.010273994433141295	4.167150988362699	0	256	421	36.08139	0.027715118514004034	0	0	0.8188777221736387	0	53.397645198193636	60.973260730808875	147.18180297708648	0.4142717339880753	0.5493247349949655
Air Golem	15.672735083293448	5.208674549409555	0	0	0	0	0	0	0	0.044809399885417545	18.244151949890057	0	312	421	67.89869999999999	0.014727822476718997	0	0	0.5245995692634287	0	43.84286228220949	44.18346743015698	123.59869974167871	0.3574751799371711	0.35997890975821334
Air Golem	15.672735083293448	5.208674549409555	0	0	0	0	0	0	0	0.044809399885417545	18.244151949890057	0	312	421	67.89869999999999	0.014727822476718997	0	0	0.5245995692634287	0	43.84286228220949	44.18346743015698	123.59869974167871	0.3574751799371711	0.35997890975821334
Air Golem	15.672735083293448	5.208674549409555	0	0	0	0	0	0	0	0.044809399885417545	18.244151949890057	0	312	421	67.89869999999999	0.014727822476718997	0	0	0.5245995692634287	0	43.84286228220949	44.18346743015698	123.59869974167871	0.3574751799371711	0.35997890975821334
Air Golem	15.672735083293448	5.208674549409555	0	0	0	0	0	0	0	0.044809399885417545	18.244151949890057	0	312	421	67.89869999999999	0.014727822476718997	0	0	0.5245995692634287	0	43.84286228220949	44.18346743015698	123.59869974167871	0.3574751799371711	0.35997890975821334
Aleron	11.071281637577522	3.6792192967836903	0	0	0	0	0	0	0	0.21561526292313665	81.98661237168317	0	406	421	155.8155	0.006417846748237499	0	0	0.3980229800534696	0	24.87081859532969	32.08923374118749	72.08609963740692	0.4451514772278753	0.5111776427890679
Voltaire	15.046038597644431	5.000546117340159	0	0	0	0	0	0	0	0.1711271286761837	69.81398454929362	0	343	421	115.72157000000001	0.008641431325205836	0	0	0.4938486751006832	0	34.04442810523355	43.20715662602918	97.76413424970916	0.44195304298066473	0.5059437060869464
Aeris	15.026278084123362	4.994057171160878	0	0	0	0	0	0	0	0.29256259827136316	123.20666695642545	0	312	422	228.92604999999998	0.004368222838772608	0	0	0.4866879961052284	0	36.519729024736726	43.68222838772608	106.16488893560144	0.41145645067479214	0.9033502303473108
Water God Dungeon	NaN	NaN	NaN	0	NaN	NaN	NaN	NaN	NaN	NaN	NaN	1	810	421	NaN	NaN	NaN	0	NaN	0	NaN	NaN	NaN	NaN	NaN
Water Guard	18.832721432581952	6.256000227276857	0	0	0	0	0	0	0	0.10871875193961862	43.524286670840745	0	333	421	34.961769999999994	0.02860267086019959	0	0	0.8714848875900683	0	53.75470663825555	51.48480754835925	146.95437066790763	0.35034553456532663	0.5179629063402682
Water Guard	18.832721432581952	6.256000227276857	0	0	0	0	0	0	0	0.10871875193961862	43.524286670840745	0	333	421	34.961769999999994	0.02860267086019959	0	0	0.8714848875900683	0	53.75470663825555	51.48480754835925	146.95437066790763	0.35034553456532663	0.5179629063402682
Water Guard	18.832721432581952	6.256000227276857	0	0	0	0	0	0	0	0.10871875193961862	43.524286670840745	0	333	421	34.961769999999994	0.02860267086019959	0	0	0.8714848875900683	0	53.75470663825555	51.48480754835925	146.95437066790763	0.35034553456532663	0.5179629063402682
Water Guard	18.832721432581952	6.256000227276857	0	0	0	0	0	0	0	0.10871875193961862	43.524286670840745	0	333	421	34.961769999999994	0.02860267086019959	0	0	0.8714848875900683	0	53.75470663825555	51.48480754835925	146.95437066790763	0.35034553456532663	0.5179629063402682
Water Guard	18.832721432581952	6.256000227276857	0	0	0	0	0	0	0	0.10871875193961862	43.524286670840745	0	333	421	34.961769999999994	0.02860267086019959	0	0	0.8714848875900683	0	53.75470663825555	51.48480754835925	146.95437066790763	0.35034553456532663	0.5179629063402682
Water Guard	18.832721432581952	6.256000227276857	0	0	0	0	0	0	0	0.10871875193961862	43.524286670840745	0	333	421	34.961769999999994	0.02860267086019959	0	0	0.8714848875900683	0	53.75470663825555	51.48480754835925	146.95437066790763	0.35034553456532663	0.5179629063402682
Water Guard	18.832721432581952	6.256000227276857	0	0	0	0	0	0	0	0.10871875193961862	43.524286670840745	0	333	421	34.961769999999994	0.02860267086019959	0	0	0.8714848875900683	0	53.75470663825555	51.48480754835925	146.95437066790763	0.35034553456532663	0.5179629063402682
Water Guard	18.832721432581952	6.256000227276857	0	0	0	0	0	0	0	0.10871875193961862	43.524286670840745	0	333	421	34.961769999999994	0.02860267086019959	0	0	0.8714848875900683	0	53.75470663825555	51.48480754835925	146.95437066790763	0.35034553456532663	0.5179629063402682
Water Monster	18.70069425525526	6.214343611853604	0	0	0	0	0	0	0	0.05369550460613031	21.740174355868977	0	270	421	46.27203	0.021611327620594988	0	0	0.691775546997786	0	54.30509373431062	51.86718628942798	150.6175318807109	0.3443635388376088	0.348692287760014
Water Monster	18.70069425525526	6.214343611853604	0	0	0	0	0	0	0	0.05369550460613031	21.740174355868977	0	270	421	46.27203	0.021611327620594988	0	0	0.691775546997786	0	54.30509373431062	51.86718628942798	150.6175318807109	0.3443635388376088	0.348692287760014
Water Monster	18.70069425525526	6.214343611853604	0	0	0	0	0	0	0	0.05369550460613031	21.740174355868977	0	270	421	46.27203	0.021611327620594988	0	0	0.691775546997786	0	54.30509373431062	51.86718628942798	150.6175318807109	0.3443635388376088	0.348692287760014
Water Monster	18.70069425525526	6.214343611853604	0	0	0	0	0	0	0	0.05369550460613031	21.740174355868977	0	270	421	46.27203	0.021611327620594988	0	0	0.691775546997786	0	54.30509373431062	51.86718628942798	150.6175318807109	0.3443635388376088	0.348692287760014
Water Monster	18.70069425525526	6.214343611853604	0	0	0	0	0	0	0	0.05369550460613031	21.740174355868977	0	270	421	46.27203	0.021611327620594988	0	0	0.691775546997786	0	54.30509373431062	51.86718628942798	150.6175318807109	0.3443635388376088	0.348692287760014
Water Monster	18.70069425525526	6.214343611853604	0	0	0	0	0	0	0	0.05369550460613031	21.740174355868977	0	270	421	46.27203	0.021611327620594988	0	0	0.691775546997786	0	54.30509373431062	51.86718628942798	150.6175318807109	0.3443635388376088	0.348692287760014
Water Golem	9.389492850946123	3.1195441628814558	0	0	0	0	0	0	0	0.1627650502467915	100.7056385858895	0.9604	585	421	819.9679292929293	0.0012195598928635113	0	0	0.41329119045069307	0	39.10570099020084	26.894421529790062	112.01086398850751	0.2401054734525525	0.32352521794243616
Water Golem	9.389492850946123	3.1195441628814558	0	0	0	0	0	0	0	0.1627650502467915	100.7056385858895	0.9604	585	421	819.9679292929293	0.0012195598928635113	0	0	0.41329119045069307	0	39.10570099020084	26.894421529790062	112.01086398850751	0.2401054734525525	0.32352521794243616
Water Golem	9.389492850946123	3.1195441628814558	0	0	0	0	0	0	0	0.1627650502467915	100.7056385858895	0.9604	585	421	819.9679292929293	0.0012195598928635113	0	0	0.41329119045069307	0	39.10570099020084	26.894421529790062	112.01086398850751	0.2401054734525525	0.32352521794243616
Water Golem	9.389492850946123	3.1195441628814558	0	0	0	0	0	0	0	0.1627650502467915	100.7056385858895	0.9604	585	421	819.9679292929293	0.0012195598928635113	0	0	0.41329119045069307	0	39.10570099020084	26.894421529790062	112.01086398850751	0.2401054734525525	0.32352521794243616
Lissia	7.766930699485228	2.5804673956945434	0	0	0	0	0	0	0	0.07608665267159762	37.020369190954554	0.658	648	421	434.0849415204678	0.002303696591034242	0	0	0.3432251801923969	0	20.951200760239583	22.648939878570943	61.095238873959076	0.3707153011594936	0.32539646988809223
Murtia	10.918838082053226	3.6286026523596746	0	0	0	0	0	0	0	0.00823791621458298	3.3832231851287946	0	426	421	174.03673	0.005745913520668884	0	0	0.3932556005939225	0	29.23492468804013	31.602524363678864	84.61499408464269	0.3734861026175337	0.3246004449750349
Glacia	7.067871387578106	2.348234105762574	0	0	0	0	0	0	0	0.19601357299043615	102.24507593643202	1	810	421	NaN	0	0	0	0.3096893886607943	0	20.31880753271629	20.455513849301934	58.80577419918217	0.34784872961652824	0.4106965018839039
Earth God Dungeon	0	0	0	0	0	0	0	0	0	0	0	0	0	0	0	0	0	0	0	0	0	0	0	0	0
Earth Guard	28.932865731009564	9.615264125755521	0	0	0	0	0	0	0	0	0	0	154	603	25.63831	0.03900413092750653	0	0	0.9870544343611232	0	72.69313049272861	78.00826185501307	195.99388499078827	0.39801375363664765	0.2958892376291573
Earth Guard	28.932865731009564	9.615264125755521	0	0	0	0	0	0	0	0	0	0	154	603	25.63831	0.03900413092750653	0	0	0.9870544343611232	0	72.69313049272861	78.00826185501307	195.99388499078827	0.39801375363664765	0.2958892376291573
Earth Guard	28.932865731009564	9.615264125755521	0	0	0	0	0	0	0	0	0	0	154	603	25.63831	0.03900413092750653	0	0	0.9870544343611232	0	72.69313049272861	78.00826185501307	195.99388499078827	0.39801375363664765	0.2958892376291573
Earth Guard	28.932865731009564	9.615264125755521	0	0	0	0	0	0	0	0	0	0	154	603	25.63831	0.03900413092750653	0	0	0.9870544343611232	0	72.69313049272861	78.00826185501307	195.99388499078827	0.39801375363664765	0.2958892376291573
Earth Guard	28.932865731009564	9.615264125755521	0	0	0	0	0	0	0	0	0	0	154	603	25.63831	0.03900413092750653	0	0	0.9870544343611232	0	72.69313049272861	78.00826185501307	195.99388499078827	0.39801375363664765	0.2958892376291573
Earth Guard	28.932865731009564	9.615264125755521	0	0	0	0	0	0	0	0	0	0	154	603	25.63831	0.03900413092750653	0	0	0.9870544343611232	0	72.69313049272861	78.00826185501307	195.99388499078827	0.39801375363664765	0.2958892376291573
Earth Guard	28.932865731009564	9.615264125755521	0	0	0	0	0	0	0	0	0	0	154	603	25.63831	0.03900413092750653	0	0	0.9870544343611232	0	72.69313049272861	78.00826185501307	195.99388499078827	0.39801375363664765	0.2958892376291573
Earth Guard	28.932865731009564	9.615264125755521	0	0	0	0	0	0	0	0	0	0	154	603	25.63831	0.03900413092750653	0	0	0.9870544343611232	0	72.69313049272861	78.00826185501307	195.99388499078827	0.39801375363664765	0.2958892376291573
Earth Monster	21.596342510193406	7.1766317532047355	0	0	0	0	0	0	0	0.005096922208752356	2.103593888757997	0	377	421	40.27921	0.02482670340356725	0	0	0.7981352014689636	0	54.23282180575863	59.5840881685614	149.62780084539708	0.398215357252538	0.29552218129402236
Earth Monster	21.596342510193406	7.1766317532047355	0	0	0	0	0	0	0	0.005096922208752356	2.103593888757997	0	377	421	40.27921	0.02482670340356725	0	0	0.7981352014689636	0	54.23282180575863	59.5840881685614	149.62780084539708	0.398215357252538	0.29552218129402236
Earth Monster	21.596342510193406	7.1766317532047355	0	0	0	0	0	0	0	0.005096922208752356	2.103593888757997	0	377	421	40.27921	0.02482670340356725	0	0	0.7981352014689636	0	54.23282180575863	59.5840881685614	149.62780084539708	0.398215357252538	0.29552218129402236
Earth Monster	21.596342510193406	7.1766317532047355	0	0	0	0	0	0	0	0.005096922208752356	2.103593888757997	0	377	421	40.27921	0.02482670340356725	0	0	0.7981352014689636	0	54.23282180575863	59.5840881685614	149.62780084539708	0.398215357252538	0.29552218129402236
Earth Monster	21.596342510193406	7.1766317532047355	0	0	0	0	0	0	0	0.005096922208752356	2.103593888757997	0	377	421	40.27921	0.02482670340356725	0	0	0.7981352014689636	0	54.23282180575863	59.5840881685614	149.62780084539708	0.398215357252538	0.29552218129402236
Earth Monster	21.596342510193406	7.1766317532047355	0	0	0	0	0	0	0	0.005096922208752356	2.103593888757997	0	377	421	40.27921	0.02482670340356725	0	0	0.7981352014689636	0	54.23282180575863	59.5840881685614	149.62780084539708	0.398215357252538	0.29552218129402236
Earth Golem	14.960095000358331	4.971514810076346	0	0	0	0	0	0	0	0.12009534863939314	57.06849817855701	0.2343	493	421	97.4955596186496	0.010256877378943865	0	0	0.5403483854402702	0	34.48050287901944	42.45675588243371	97.85568162521805	0.4338711373453079	0.29456942748620774
Earth Golem	14.960095000358331	4.971514810076346	0	0	0	0	0	0	0	0.12009534863939314	57.06849817855701	0.2343	493	421	97.4955596186496	0.010256877378943865	0	0	0.5403483854402702	0	34.48050287901944	42.45675588243371	97.85568162521805	0.4338711373453079	0.29456942748620774
Earth Golem	14.960095000358331	4.971514810076346	0	0	0	0	0	0	0	0.12009534863939314	57.06849817855701	0.2343	493	421	97.4955596186496	0.010256877378943865	0	0	0.5403483854402702	0	34.48050287901944	42.45675588243371	97.85568162521805	0.4338711373453079	0.29456942748620774
Earth Golem	14.960095000358331	4.971514810076346	0	0	0	0	0	0	0	0.12009534863939314	57.06849817855701	0.2343	493	421	97.4955596186496	0.010256877378943865	0	0	0.5403483854402702	0	34.48050287901944	42.45675588243371	97.85568162521805	0.4338711373453079	0.29456942748620774
Mistral	8.535937497739214	2.835961567788367	0	0	0	0	0	0	0	0.14347983229096342	92.501803517445	0.9981	612	421	18188.14210526316	0.000054980876782935784	0	0	0.37238915861115274	0	21.142669027157446	24.253798093436817	60.074247951891856	0.40373036567781145	0.26855264578107135
Ophidia	13.089066952144771	4.349831901701207	0	0	0	0	0	0	0	0.10209487096537556	41.08915561048363	0	406	421	158.94726	0.006291395019958192	0	0	0.4682358363610528	0	29.388758069482485	37.748370119749154	84.7560579392412	0.4453766614158684	0.28529337341203614
Terran	0	0	0	0	0	0	0	0	0	0	0	0	0	0	0	0	0	0	0	0	0	0	0	0	0
Fire God Dungeon	NaN	NaN	NaN	0	NaN	NaN	NaN	NaN	NaN	NaN	NaN	1	1170	421	NaN	NaN	NaN	0	NaN	0	NaN	NaN	NaN	NaN	NaN
Fire Guard	24.953532312968346	8.291782747329963	0	0	0	0	0	0	0	0.008102759921036646	3.4978693181818183	0	377	421	25.28768	0.03954494837011541	0	0	0.936565261010236	0	62.799627790328856	67.22641222919619	169.18621430917287	0.39735159571775663	0.31761711631909295
Fire Guard	24.953532312968346	8.291782747329963	0	0	0	0	0	0	0	0.008102759921036646	3.4978693181818183	0	377	421	25.28768	0.03954494837011541	0	0	0.936565261010236	0	62.799627790328856	67.22641222919619	169.18621430917287	0.39735159571775663	0.31761711631909295
Fire Guard	24.953532312968346	8.291782747329963	0	0	0	0	0	0	0	0.008102759921036646	3.4978693181818183	0	377	421	25.28768	0.03954494837011541	0	0	0.936565261010236	0	62.799627790328856	67.22641222919619	169.18621430917287	0.39735159571775663	0.31761711631909295
Fire Guard	24.953532312968346	8.291782747329963	0	0	0	0	0	0	0	0.008102759921036646	3.4978693181818183	0	377	421	25.28768	0.03954494837011541	0	0	0.936565261010236	0	62.799627790328856	67.22641222919619	169.18621430917287	0.39735159571775663	0.31761711631909295
Fire Guard	24.953532312968346	8.291782747329963	0	0	0	0	0	0	0	0.008102759921036646	3.4978693181818183	0	377	421	25.28768	0.03954494837011541	0	0	0.936565261010236	0	62.799627790328856	67.22641222919619	169.18621430917287	0.39735159571775663	0.31761711631909295
Fire Guard	24.953532312968346	8.291782747329963	0	0	0	0	0	0	0	0.008102759921036646	3.4978693181818183	0	377	421	25.28768	0.03954494837011541	0	0	0.936565261010236	0	62.799627790328856	67.22641222919619	169.18621430917287	0.39735159571775663	0.31761711631909295
Fire Guard	24.953532312968346	8.291782747329963	0	0	0	0	0	0	0	0.008102759921036646	3.4978693181818183	0	377	421	25.28768	0.03954494837011541	0	0	0.936565261010236	0	62.799627790328856	67.22641222919619	169.18621430917287	0.39735159571775663	0.31761711631909295
Fire Guard	24.953532312968346	8.291782747329963	0	0	0	0	0	0	0	0.008102759921036646	3.4978693181818183	0	377	421	25.28768	0.03954494837011541	0	0	0.936565261010236	0	62.799627790328856	67.22641222919619	169.18621430917287	0.39735159571775663	0.31761711631909295
Fire Monster	22.65278900374934	7.52759315578739	0	0	0	0	0	0	0	0.008525128405175216	3.4030595106516697	0	283	421	36.9144	0.027089699412695317	0	0	0.8363824923183438	0	54.562153896345706	62.306308649199224	150.07275266052892	0.4151740242290271	0.42698513317296233
Fire Monster	22.65278900374934	7.52759315578739	0	0	0	0	0	0	0	0.008525128405175216	3.4030595106516697	0	283	421	36.9144	0.027089699412695317	0	0	0.8363824923183438	0	54.562153896345706	62.306308649199224	150.07275266052892	0.4151740242290271	0.42698513317296233
Fire Monster	22.65278900374934	7.52759315578739	0	0	0	0	0	0	0	0.008525128405175216	3.4030595106516697	0	283	421	36.9144	0.027089699412695317	0	0	0.8363824923183438	0	54.562153896345706	62.306308649199224	150.07275266052892	0.4151740242290271	0.42698513317296233
Fire Monster	22.65278900374934	7.52759315578739	0	0	0	0	0	0	0	0.008525128405175216	3.4030595106516697	0	283	421	36.9144	0.027089699412695317	0	0	0.8363824923183438	0	54.562153896345706	62.306308649199224	150.07275266052892	0.4151740242290271	0.42698513317296233
Fire Monster	22.65278900374934	7.52759315578739	0	0	0	0	0	0	0	0.008525128405175216	3.4030595106516697	0	283	421	36.9144	0.027089699412695317	0	0	0.8363824923183438	0	54.562153896345706	62.306308649199224	150.07275266052892	0.4151740242290271	0.42698513317296233
Fire Monster	22.65278900374934	7.52759315578739	0	0	0	0	0	0	0	0.008525128405175216	3.4030595106516697	0	283	421	36.9144	0.027089699412695317	0	0	0.8363824923183438	0	54.562153896345706	62.306308649199224	150.07275266052892	0.4151740242290271	0.42698513317296233
Fire Golem	14.11618400661995	4.689654796113613	0	0	0	0	0	0	0	0.37066668524706675	161.63141104066497	0.1107	522	421	82.30676936916677	0.012149668947820633	0	0	0.6372882782725742	0	32.51728164506138	39.97557906978047	92.08559217752266	0.4341132866118244	1.4962645881756793
Fire Golem	14.11618400661995	4.689654796113613	0	0	0	0	0	0	0	0.37066668524706675	161.63141104066497	0.1107	522	421	82.30676936916677	0.012149668947820633	0	0	0.6372882782725742	0	32.51728164506138	39.97557906978047	92.08559217752266	0.4341132866118244	1.4962645881756793
Fire Golem	14.11618400661995	4.689654796113613	0	0	0	0	0	0	0	0.37066668524706675	161.63141104066497	0.1107	522	421	82.30676936916677	0.012149668947820633	0	0	0.6372882782725742	0	32.51728164506138	39.97557906978047	92.08559217752266	0.4341132866118244	1.4962645881756793
Fire Golem	14.11618400661995	4.689654796113613	0	0	0	0	0	0	0	0.37066668524706675	161.63141104066497	0.1107	522	421	82.30676936916677	0.012149668947820633	0	0	0.6372882782725742	0	32.51728164506138	39.97557906978047	92.08559217752266	0.4341132866118244	1.4962645881756793
Pyra	8.69716769229818	2.8896383159584347	0	0	0	0	0	0	0	0.3898918070128388	189.14507098063308	0.9964	810	421	10368.047222222222	0.00009645017799076598	0	0	0.37940156815905457	0	21.130086779925715	24.922744747015205	60.55071926056109	0.4116011345755938	0.3740632611359098
Ignis	11.48556469443808	3.816922196137023	0	0	0	0	0	0	0	0.08678517984416728	41.7044806218894	0.3901	522	421	213.84356451877358	0.004676315615344173	0	0	0.41033907882090936	0	25.934221703609012	33.28047565774154	75.14678268517284	0.44287292773624076	0.41463331789385
Ragnar	6.6853901342175135	2.2212040970906024	0	0	0	0	0	0	0	0.3288542675936184	181.69679259776805	1	1170	421	NaN	0	0	0	0.29159613510003624	0	17.40215341331551	19.002787031425516	49.46449026345933	0.38417027912775953	0.8471726299617458
Dragons Den	18.82344041307736	6.254353427567977	0	0	0	0	0	0	0	0.001062370777754005	0.4392501387737234	0	273	421	202.84820000000002	0.004929794792361972	146.2273787385017	0	0.7367844664349033	0	48.21202788450732	49.79092740285592	127.52831191657376	0.39043038094496274	0.26582833862957617
Green Dragon	21.212891244629652	7.0474074112592255	0	0	0	0	0	0	0	0	0	0	83	898	13.9423	0.0717241775029945	46.620715376946414	0	0.8710665412370422	0	60.27113643496158	53.793133127245866	152.83976279268813	0.35195771142494425	0.2225744676272925
Green Dragon	21.212891244629652	7.0474074112592255	0	0	0	0	0	0	0	0	0	0	83	898	13.9423	0.0717241775029945	46.620715376946414	0	0.8710665412370422	0	60.27113643496158	53.793133127245866	152.83976279268813	0.35195771142494425	0.2225744676272925
Blue Dragon	21.53500254946296	7.155154867817537	0	0	0	0	0	0	0	0	0	0	98	811	16.297549999999998	0.061358915910673696	60.59192946179028	0	0.8630111559307041	0	58.817144140369706	55.223024319606324	150.8270349080793	0.366134787130581	0.23962497430595397
Blue Dragon	21.53500254946296	7.155154867817537	0	0	0	0	0	0	0	0	0	0	98	811	16.297549999999998	0.061358915910673696	60.59192946179028	0	0.8630111559307041	0	58.817144140369706	55.223024319606324	150.8270349080793	0.366134787130581	0.23962497430595397
Red Dragon	20.161160987781415	6.698660605215157	0	0	0	0	0	0	0	0	0	0	123	742	19.06859	0.052442262380175984	71.45258249298978	0	0.7946106794793462	0	53.24426801839216	52.44226238017598	138.49648218935238	0.3786541112898227	0.2542086226616651
Red Dragon	20.161160987781415	6.698660605215157	0	0	0	0	0	0	0	0	0	0	123	742	19.06859	0.052442262380175984	71.45258249298978	0	0.7946106794793462	0	53.24426801839216	52.44226238017598	138.49648218935238	0.3786541112898227	0.2542086226616651
Black Dragon	18.44913311067669	6.130118336215936	0	0	0	0	0	0	0	0	0.00008608917772946763	0	156	580	24.39331	0.04099484653784173	116.83531263284893	0	0.717073102841026	0	46.727798068736455	49.19381584541007	124.59765341086076	0.39482136700595366	0.2716810469755847
Black Dragon	18.44913311067669	6.130118336215936	0	0	0	0	0	0	0	0	0.00008608917772946763	0	156	580	24.39331	0.04099484653784173	116.83531263284893	0	0.717073102841026	0	46.727798068736455	49.19381584541007	124.59765341086076	0.39482136700595366	0.2716810469755847
Elder Dragon	15.436854826520845	5.1296414396686725	0	0	0	0	0	0	0	0.0038867556321884687	1.606950709445628	0	273	421	55.4447	0.018035989012475495	0	0	0.5723704853002554	0	36.04225329621973	43.28637362994119	101.06582332851868	0.4282988274803543	0.305829051288942
Miolite Caves	17.06259222907245	5.667382865572487	0	0	0	0	0	0	0	0.013562031068932466	5.579554106508102	0	180	421	117.74785	0.008492724070970297	9.356607616253944	0	0.785656188824535	0	52.07267452692008	44.16216516904555	134.77682771633627	0.3276688279233973	0.2510389786310323
Miolite Sprig	18.19183834016944	6.0410536988722745	0	0	0	0	0	0	0	0	0	0	87	923	9.03032	0.11073804693521382	0	0	0.8449544508748352	0	61.167711062292476	44.29521877408552	148.93696243065122	0.29740917265390376	0.18448958619406622
Miolite Sprig	18.19183834016944	6.0410536988722745	0	0	0	0	0	0	0	0	0	0	87	923	9.03032	0.11073804693521382	0	0	0.8449544508748352	0	61.167711062292476	44.29521877408552	148.93696243065122	0.29740917265390376	0.18448958619406622
Miolite Trio	16.6194865652585	5.518574593195717	0	0	0	0	0	0	0	0	0	0	135	543	13.15805	0.07599910321058212	0	0	0.8630716200235478	0	49.707916077557705	41.79950676582016	125.01988952787944	0.33434285475431386	0.21614144953089554
Miolite Trio	16.6194865652585	5.518574593195717	0	0	0	0	0	0	0	0	0	0	135	543	13.15805	0.07599910321058212	0	0	0.8630716200235478	0	49.707916077557705	41.79950676582016	125.01988952787944	0.33434285475431386	0.21614144953089554
Miolite Warden	18.896248794043768	6.277958699091924	0	0	0	0	0	0	0	0	0	0	89	815	15.61002	0.06406141696166949	0	0	0.7767409511896806	0	52.62167899384517	48.04606272125212	133.7971635001338	0.3590962727786383	0.25656597493148636
Miolite Warden	18.896248794043768	6.277958699091924	0	0	0	0	0	0	0	0	0	0	89	815	15.61002	0.06406141696166949	0	0	0.7767409511896806	0	52.62167899384517	48.04606272125212	133.7971635001338	0.3590962727786383	0.25656597493148636
Miolite Monarch	15.497248197969675	5.147944498585758	0	0	0	0	0	0	0	0.03788515926167473	15.586330311425073	0	180	421	42.15107	0.02372419015697585	0	0	0.7184695410061503	0	49.48191417511863	42.70354228255653	136.3502079340671	0.31319015151928525	0.2972474957337975
Infernal Stronghold	14.929792260665828	4.960550758967064	0	0	0	0	0	0	0	0.18297064682839848	77.26872495512977	0.22360000000000002	435	421	846.6107657599175	0.0011811803492746756	444.7138109117408	0	0.5976836950645104	0	36.251695992159775	41.45960441822436	100.66991884973788	0.41183707001997155	0.6467761879075982
Cerberus	20.950214259165854	6.960174357582856	0	0	0	0	0	0	0	0	0	0	94	844	14.15202	0.07066129075566598	0	0	0.8586619898331538	0	59.27741591858775	52.99596806674948	149.9490173341064	0.3534265779726145	0.2728868387693064
Cerberus	20.950214259165854	6.960174357582856	0	0	0	0	0	0	0	0	0	0	94	844	14.15202	0.07066129075566598	0	0	0.8586619898331538	0	59.27741591858775	52.99596806674948	149.9490173341064	0.3534265779726145	0.2728868387693064
Cerberus	20.950214259165854	6.960174357582856	0	0	0	0	0	0	0	0	0	0	94	844	14.15202	0.07066129075566598	0	0	0.8586619898331538	0	59.27741591858775	52.99596806674948	149.9490173341064	0.3534265779726145	0.2728868387693064
Cerberus	20.950214259165854	6.960174357582856	0	0	0	0	0	0	0	0	0	0	94	844	14.15202	0.07066129075566598	0	0	0.8586619898331538	0	59.27741591858775	52.99596806674948	149.9490173341064	0.3534265779726145	0.2728868387693064
Cerberus	20.950214259165854	6.960174357582856	0	0	0	0	0	0	0	0	0	0	94	844	14.15202	0.07066129075566598	0	0	0.8586619898331538	0	59.27741591858775	52.99596806674948	149.9490173341064	0.3534265779726145	0.2728868387693064
Fearful Eye	18.590752843285955	6.175053106842196	0	0	0	0	0	0	0	0.010227483652843577	4.277729124908594	0	213	421	24.082169999999998	0.04152449716948266	0	0	0.8790723314066606	0	47.17259560837819	49.82939660337918	126.43823492224048	0.39410069773612594	0.27132936940483354
Fearful Eye	18.590752843285955	6.175053106842196	0	0	0	0	0	0	0	0.010227483652843577	4.277729124908594	0	213	421	24.082169999999998	0.04152449716948266	0	0	0.8790723314066606	0	47.17259560837819	49.82939660337918	126.43823492224048	0.39410069773612594	0.27132936940483354
Fearful Eye	18.590752843285955	6.175053106842196	0	0	0	0	0	0	0	0.010227483652843577	4.277729124908594	0	213	421	24.082169999999998	0.04152449716948266	0	0	0.8790723314066606	0	47.17259560837819	49.82939660337918	126.43823492224048	0.39410069773612594	0.27132936940483354
Fearful Eye	18.590752843285955	6.175053106842196	0	0	0	0	0	0	0	0.010227483652843577	4.277729124908594	0	213	421	24.082169999999998	0.04152449716948266	0	0	0.8790723314066606	0	47.17259560837819	49.82939660337918	126.43823492224048	0.39410069773612594	0.27132936940483354
Red Devil	18.011988677017357	5.985028295807751	0	0	0	0	0	0	0	0.000003065568212264848	0.0017994885405994657	0	183	433	32.620380000000004	0.030655682122648475	0	0	0.6822045265587828	0	43.93613364241408	49.049091396237564	119.64405892469902	0.4099584370261781	0.28694025023620207
Red Devil	18.011988677017357	5.985028295807751	0	0	0	0	0	0	0	0.000003065568212264848	0.0017994885405994657	0	183	433	32.620380000000004	0.030655682122648475	0	0	0.6822045265587828	0	43.93613364241408	49.049091396237564	119.64405892469902	0.4099584370261781	0.28694025023620207
Red Devil	18.011988677017357	5.985028295807751	0	0	0	0	0	0	0	0.000003065568212264848	0.0017994885405994657	0	183	433	32.620380000000004	0.030655682122648475	0	0	0.6822045265587828	0	43.93613364241408	49.049091396237564	119.64405892469902	0.4099584370261781	0.28694025023620207
Phoenix	11.921953432039395	3.9603561080364567	0	0	0	0	0	0	0	0.07603689828995233	31.001978957597824	0	334	421	103.19069	0.00969079671819231	0	0	0.5484010011050477	0	27.071084370860635	33.989694225322076	77.18012701179018	0.44039438053956226	0.34165194553888534
Phoenix	11.921953432039395	3.9603561080364567	0	0	0	0	0	0	0	0.07603689828995233	31.001978957597824	0	334	421	103.19069	0.00969079671819231	0	0	0.5484010011050477	0	27.071084370860635	33.989694225322076	77.18012701179018	0.44039438053956226	0.34165194553888534
Incendius	10.276967669962769	3.4150604597746876	0	0	0	0	0	0	0	0.028503281114735223	12.424814610998162	0	252	421	92.20342	0.010845584686555011	0	0	0.37842492192351473	0	23.426328621226695	29.28307865369853	66.75072313283394	0.4386930549864636	0.31681471251283305
Prat, the Guardian of Secrets	22.953345149699274	7.628438653014042	0	0	0	0	0	0	0	0.14478481659472828	58.74326951368326	0	251	421	65.05102	0.015372549116063054	0	0	0.7584620146225296	0	53.10371920590063	64.56470628746483	149.37369742579327	0.43223611251599126	0.629990121599938
Malcs, the Leader of Dragons	12.39586090366894	4.119503736442969	0	0	0	0	0	0	0	0.578742366768133	246.02285410400836	0.2236	435	421	218.02502575991755	0.00458662943171106	0	0	0.4415479225153951	0	31.382104150122046	35.93765173198134	90.98191229542154	0.39499776192096836	1.528895972184373
Into the Mist	0	0	0	0	0	0	0	0	0	0	0	0	0	0	0	0	0	0	0	0	0	0	0	0	0
Hill Giant	17.748469337037935	5.893291448045669	0	0	0	0	0	0	0	0	0	0	31	1005	8.148430000000001	0.12272302762618073	8.17496605924471	0	0.8491100765350312	0	62.68569199427854	42.95305966916326	151.70560443847253	0.2831342970363616	0.14923120159343578
Hill Giant	17.748469337037935	5.893291448045669	0	0	0	0	0	0	0	0	0	0	31	1005	8.148430000000001	0.12272302762618073	8.17496605924471	0	0.8491100765350312	0	62.68569199427854	42.95305966916326	151.70560443847253	0.2831342970363616	0.14923120159343578
Hill Giant	17.748469337037935	5.893291448045669	0	0	0	0	0	0	0	0	0	0	31	1005	8.148430000000001	0.12272302762618073	8.17496605924471	0	0.8491100765350312	0	62.68569199427854	42.95305966916326	151.70560443847253	0.2831342970363616	0.14923120159343578
Hill Giant	17.748469337037935	5.893291448045669	0	0	0	0	0	0	0	0	0	0	31	1005	8.148430000000001	0.12272302762618073	8.17496605924471	0	0.8491100765350312	0	62.68569199427854	42.95305966916326	151.70560443847253	0.2831342970363616	0.14923120159343578
Hill Giant	17.748469337037935	5.893291448045669	0	0	0	0	0	0	0	0	0	0	31	1005	8.148430000000001	0.12272302762618073	8.17496605924471	0	0.8491100765350312	0	62.68569199427854	42.95305966916326	151.70560443847253	0.2831342970363616	0.14923120159343578
Hill Giant	17.748469337037935	5.893291448045669	0	0	0	0	0	0	0	0	0	0	31	1005	8.148430000000001	0.12272302762618073	8.17496605924471	0	0.8491100765350312	0	62.68569199427854	42.95305966916326	151.70560443847253	0.2831342970363616	0.14923120159343578
Hill Giant	17.748469337037935	5.893291448045669	0	0	0	0	0	0	0	0	0	0	31	1005	8.148430000000001	0.12272302762618073	8.17496605924471	0	0.8491100765350312	0	62.68569199427854	42.95305966916326	151.70560443847253	0.2831342970363616	0.14923120159343578
Hill Giant	17.748469337037935	5.893291448045669	0	0	0	0	0	0	0	0	0	0	31	1005	8.148430000000001	0.12272302762618073	8.17496605924471	0	0.8491100765350312	0	62.68569199427854	42.95305966916326	151.70560443847253	0.2831342970363616	0.14923120159343578
Hill Giant	17.748469337037935	5.893291448045669	0	0	0	0	0	0	0	0	0	0	31	1005	8.148430000000001	0.12272302762618073	8.17496605924471	0	0.8491100765350312	0	62.68569199427854	42.95305966916326	151.70560443847253	0.2831342970363616	0.14923120159343578
Hill Giant	17.748469337037935	5.893291448045669	0	0	0	0	0	0	0	0	0	0	31	1005	8.148430000000001	0.12272302762618073	8.17496605924471	0	0.8491100765350312	0	62.68569199427854	42.95305966916326	151.70560443847253	0.2831342970363616	0.14923120159343578
Hill Giant	17.748469337037935	5.893291448045669	0	0	0	0	0	0	0	0	0	0	31	1005	8.148430000000001	0.12272302762618073	8.17496605924471	0	0.8491100765350312	0	62.68569199427854	42.95305966916326	151.70560443847253	0.2831342970363616	0.14923120159343578
Hill Giant	17.748469337037935	5.893291448045669	0	0	0	0	0	0	0	0	0	0	31	1005	8.148430000000001	0.12272302762618073	8.17496605924471	0	0.8491100765350312	0	62.68569199427854	42.95305966916326	151.70560443847253	0.2831342970363616	0.14923120159343578
Hill Giant	17.748469337037935	5.893291448045669	0	0	0	0	0	0	0	0	0	0	31	1005	8.148430000000001	0.12272302762618073	8.17496605924471	0	0.8491100765350312	0	62.68569199427854	42.95305966916326	151.70560443847253	0.2831342970363616	0.14923120159343578
Hill Giant	17.748469337037935	5.893291448045669	0	0	0	0	0	0	0	0	0	0	31	1005	8.148430000000001	0.12272302762618073	8.17496605924471	0	0.8491100765350312	0	62.68569199427854	42.95305966916326	151.70560443847253	0.2831342970363616	0.14923120159343578
Hill Giant	17.748469337037935	5.893291448045669	0	0	0	0	0	0	0	0	0	0	31	1005	8.148430000000001	0.12272302762618073	8.17496605924471	0	0.8491100765350312	0	62.68569199427854	42.95305966916326	151.70560443847253	0.2831342970363616	0.14923120159343578
Hill Giant	17.748469337037935	5.893291448045669	0	0	0	0	0	0	0	0	0	0	31	1005	8.148430000000001	0.12272302762618073	8.17496605924471	0	0.8491100765350312	0	62.68569199427854	42.95305966916326	151.70560443847253	0.2831342970363616	0.14923120159343578
Hill Giant	17.748469337037935	5.893291448045669	0	0	0	0	0	0	0	0	0	0	31	1005	8.148430000000001	0.12272302762618073	8.17496605924471	0	0.8491100765350312	0	62.68569199427854	42.95305966916326	151.70560443847253	0.2831342970363616	0.14923120159343578
Hill Giant	17.748469337037935	5.893291448045669	0	0	0	0	0	0	0	0	0	0	31	1005	8.148430000000001	0.12272302762618073	8.17496605924471	0	0.8491100765350312	0	62.68569199427854	42.95305966916326	151.70560443847253	0.2831342970363616	0.14923120159343578
Hill Giant	17.748469337037935	5.893291448045669	0	0	0	0	0	0	0	0	0	0	31	1005	8.148430000000001	0.12272302762618073	8.17496605924471	0	0.8491100765350312	0	62.68569199427854	42.95305966916326	151.70560443847253	0.2831342970363616	0.14923120159343578
Hill Giant	17.748469337037935	5.893291448045669	0	0	0	0	0	0	0	0	0	0	31	1005	8.148430000000001	0.12272302762618073	8.17496605924471	0	0.8491100765350312	0	62.68569199427854	42.95305966916326	151.70560443847253	0.2831342970363616	0.14923120159343578
Mysterious Figure - Phase 1	0	0	0	0	0	0	0	0	0	0	0	0	0	0	0	0	0	0	0	0	0	0	0	0	0
Mysterious Figure - Phase 2	0	0	0	0	0	0	0	0	0	0	0	0	0	0	0	0	0	0	0	0	0	0	0	0	0
Ahrenia	0	0	0	0	0	0	0	0	0	0	0	0	0	0	0	0	0	0	0	0	0	0	0	0	0